5664.582441473269
5664.6220872345675
5664.63389655231
5664.636424992909
5664.612704232946
5664.626574113305
5664.634397590553
5664.650741384585
5664.6278549228855
5664.646915435258
5664.634452429532
5664.625037886055
5664.615830467191
5664.625475740767
5664.648613864727
5664.6280043069855
5664.605207868559
5664.624574509167
5664.624305499466
5664.629358815883
5664.579941608299
5664.633939921609
5664.626044979555
5664.6320565626565
5664.620805473293
5664.623611750367
5664.627587439459
5664.62476696109
5664.637643886727
5664.624581008583
5664.598940062147
5664.62047268557
5664.625048362141
5664.638498104359
5664.629279187344
5664.6110182864895
5664.636597758842
5664.623933424976
5664.626210353296
5664.6222487719115
5664.617090275402
5664.589045747932
5664.616001294478
5664.629585451132
5664.622843776411
5664.603692959223
5664.614409225546
5664.627488119785
5664.638036118563
5664.619106862692
5664.625477917424
5664.638241936187
5664.61530783056
5664.629577046886
5664.615841045848
5664.6418995578115
5664.628950601394
5664.635869986516
5664.631344973175
5664.6305338872035
5664.6210048490575
5664.63625162478
5664.63906345712
5664.628486691247
5664.631146007486
5664.638658271073
5664.636801049448
5664.635176630015
5664.64672334337
5664.640653960002
5664.643795086146
5664.626970675487
5664.624602022454
5664.618737364135
5664.631155301363
5664.643358920585
5664.636369661461
5664.628400922954
5664.645406459902
5664.656870572069
5664.640231723544
5664.620420869866
5664.628866148052
5664.628135512363
5664.647380949857
5664.642628896878
5664.643370686785
5664.633743089031
5664.654004174159
5664.621572209707
5664.640643963699
5664.640818055886
5664.6275968913815
5664.627578460971
5664.6300901786035
5664.632987725743
5664.618233754043
5664.626096622938
5664.623999503964
